place(7.213, 1.037, -22.611, "Soldier", 750)
place(5.389, 1.037, -25.215, "Soldier", 740)
place(7.907, 1.037, -19.459, "Soldier", 805)
place(12.887, 1.037, -19.073, "Soldier", 1037)
place(10.313, 1.037, -17.517, "Soldier", 581)
place(12.769, 1.037, -15.717, "Soldier", 830)
upgrade(12.769, 2.387, -15.717, 499)
upgrade(12.887, 2.387, -19.073, 875)
upgrade(12.887, 2.387, -19.073, 844)
place(12.732, 1.037, -12.459, "Soldier", 79)
place(12.268, 1.037, -12.326, "Soldier", 1248)
place(9.952, 1.037, -14.409, "Soldier", 750)
upgrade(5.389, 2.387, -25.215, 358)
upgrade(7.213, 2.387, -22.611, 272)
upgrade(7.907, 2.387, -19.459, 838)
upgrade(10.313, 2.387, -17.517, 862)
upgrade(9.952, 2.387, -14.409, 612)
place(7.379, 1.037, -16.379, "Soldier", 1820)
upgrade(7.379, 2.387, -16.379, 1320)
upgrade(7.379, 2.387, -16.379, 1070)
upgrade(7.907, 2.387, -19.459, 1831)
upgrade(7.213, 2.387, -22.611, 1033)
upgrade(5.389, 2.387, -25.215, 906)
place(4.394, 1.037, -17.590, "Firework Technician", 1524)
place(4.306, 1.037, -17.154, "Firework Technician", 1574)
upgrade(4.306, 2.387, -17.154, 2088)
upgrade(10.313, 2.387, -17.517, 3127)
upgrade(12.769, 2.387, -15.717, 2427)
place(10.158, 1.037, -9.651, "Soldier", 2260)
upgrade(10.158, 2.387, -9.651, 3467)
upgrade(10.158, 2.387, -9.651, 3217)
place(7.443, 1.037, -12.085, "Soldier", 2417)
upgrade(7.443, 2.387, -12.085, 1917)
upgrade(7.443, 2.387, -12.085, 1667)
place(4.676, 1.037, -13.872, "Soldier", 1015)
upgrade(4.676, 2.387, -13.872, 567)
upgrade(4.676, 2.387, -13.872, 817)
place(14.996, 1.037, -32.112, "Military Base", 3084)
place(20.084, 1.000, -31.892, "Military Base", 2684)
place(21.197, 1.000, -26.220, "Military Base", 2284)
place(21.848, 1.000, -21.235, "Military Base", 1884)
place(15.698, 1.037, -27.476, "Military Base", 1884)
upgrade(15.698, 1.900, -27.476, 1884)
upgrade(14.996, 1.900, -32.112, 1734)
upgrade(20.084, 1.863, -31.892, 1584)
upgrade(21.197, 1.863, -26.220, 1433)
upgrade(21.848, 1.863, -21.235, 1234)
upgrade(21.848, 1.863, -21.235, 1132)
upgrade(20.084, 1.863, -31.892, 784)
upgrade(21.197, 1.863, -26.220, 2684)
upgrade(15.698, 1.900, -27.476, 2284)
upgrade(14.996, 1.900, -32.112, 1884)
upgrade(14.996, 1.900, -32.112, 2984)
upgrade(15.698, 1.900, -27.476, 3160)
upgrade(20.084, 1.863, -31.892, 2440)
place(4.766, 1.037, -10.656, "Soldier", 4114)
upgrade(4.766, 2.387, -10.656, 3614)
upgrade(4.766, 2.387, -10.656, 4014)
place(4.146, 1.037, -6.908, "Turret", 5389)
upgrade(4.146, 1.987, -6.908, 2521)
upgrade(4.306, 2.387, -17.154, 6542)
place(3.572, 1.037, -20.556, "Soldier", 1542)
upgrade(3.572, 2.387, -20.556, 1042)
upgrade(3.572, 2.387, -20.556, 3049)
upgrade(21.197, 1.863, -26.220, 2682)
upgrade(21.848, 1.863, -21.235, 1857)
place(9.943, 1.037, -6.131, "Soldier", 4832)
upgrade(9.943, 2.387, -6.131, 6086)
upgrade(9.943, 2.387, -6.131, 6449)
place(7.462, 1.037, -8.040, "Soldier", 6349)
upgrade(7.462, 2.387, -8.040, 6549)
upgrade(7.462, 2.387, -8.040, 6999)
upgrade(4.146, 1.987, -6.908, 8731)
place(0.302, 1.037, -20.426, "Soldier", 9809)
upgrade(0.302, 2.387, -20.426, 9709)
upgrade(0.302, 2.387, -20.426, 9857)
place(1.123, 1.037, -17.409, "Soldier", 10977)
upgrade(1.123, 2.387, -17.409, 11148)
upgrade(1.123, 2.387, -17.409, 10898)
place(1.469, 1.037, -14.062, "Soldier", 10098)
upgrade(1.469, 2.387, -14.062, 9598)
upgrade(1.469, 2.387, -14.062, 9348)
place(-2.708, 1.037, -20.189, "Soldier", 9048)
upgrade(-2.708, 2.387, -20.189, 9048)
upgrade(-2.708, 2.387, -20.189, 8798)
place(-2.151, 1.037, -16.936, "Soldier", 9496)
upgrade(-2.151, 2.387, -16.936, 9323)
upgrade(-2.151, 2.387, -16.936, 9398)
place(-1.724, 1.037, -13.739, "Soldier", 11180)
upgrade(-1.724, 2.387, -13.739, 11005)
upgrade(-1.724, 2.387, -13.739, 10755)
place(2.526, 1.037, -23.521, "Soldier", 12955)
upgrade(2.526, 2.387, -23.521, 12455)
upgrade(2.526, 2.387, -23.521, 12205)
upgrade(4.306, 2.387, -17.154, 14105)
place(0.993, 1.037, -10.589, "Turret", 10517)
upgrade(0.993, 1.987, -10.589, 7105)
upgrade(0.993, 1.987, -10.589, 7355)
place(0.800, 1.037, -4.930, "Accelerator", 10345)
place(-0.936, 1.037, -7.656, "Accelerator", 5845)
place(-2.541, 1.037, -10.501, "Accelerator", 5567)
place(-4.679, 1.037, -13.071, "Accelerator", 13266)
upgrade(20.084, 1.863, -31.892, 14014)
upgrade(15.698, 1.900, -27.476, 7935)
upgrade(14.996, 1.900, -32.112, 3070)
upgrade(21.197, 1.863, -26.220, 13040)
upgrade(21.848, 1.863, -21.235, 8953)
upgrade(-4.679, 2.387, -13.071, 2297)
upgrade(-2.541, 2.387, -10.501, 1297)
upgrade(0.800, 2.387, -4.930, 22663)
upgrade(0.800, 2.387, -4.930, 21663)
upgrade(-2.541, 2.387, -10.501, 22163)
upgrade(-2.541, 2.387, -10.501, 22663)
upgrade(-4.679, 2.387, -13.071, 17913)
upgrade(-4.679, 2.387, -13.071, 15413)
upgrade(15.698, 1.900, -27.476, 28508)
upgrade(20.084, 1.863, -31.892, 25164)
place(-4.547, 1.037, -6.024, "Turret", 19645)
upgrade(-4.547, 1.987, -6.024, 22145)
upgrade(-4.547, 1.987, -6.024, 24895)
upgrade(21.197, 1.863, -26.220, 25645)
upgrade(21.848, 1.863, -21.235, 28644)
upgrade(-0.936, 2.387, -7.656, 7238)
upgrade(-0.936, 2.387, -7.656, 6238)
upgrade(-0.936, 2.387, -7.656, 9988)
upgrade(4.306, 2.387, -17.154, 23988)
place(-5.155, 1.037, -16.662, "Accelerator", 12983)
upgrade(-5.155, 2.387, -16.662, 9983)
upgrade(-5.155, 2.387, -16.662, 8983)
upgrade(-5.155, 2.387, -16.662, 6483)
upgrade(14.996, 1.900, -32.112, 26082)
place(-2.093, 1.037, -3.516, "Accelerator", 7332)
upgrade(-2.093, 2.387, -3.516, 2832)
upgrade(-2.093, 2.387, -3.516, 8082)
upgrade(-2.093, 2.387, -3.516, 11831)
place(-5.722, 1.037, -20.101, "Accelerator", 14832)
upgrade(-5.722, 2.387, -20.101, 10332)
upgrade(-5.722, 2.387, -20.101, 9334)
upgrade(-5.722, 2.387, -20.101, 7582)
place(-3.354, 1.037, -0.455, "Accelerator", 10163)
upgrade(-3.354, 2.387, -0.455, 5663)
upgrade(-3.354, 2.387, -0.455, 4665)
upgrade(-3.354, 2.387, -0.455, 8163)
upgrade(-3.354, 2.387, -0.455, 13913)
upgrade(1.469, 2.387, -14.062, 16955)
upgrade(4.676, 2.387, -13.872, 13020)
upgrade(1.123, 2.387, -17.409, 14915)
upgrade(7.379, 2.387, -16.379, 11320)
upgrade(-0.936, 2.387, -7.656, 21570)
upgrade(-4.679, 2.387, -13.071, 16320)
upgrade(-5.155, 2.387, -16.662, 13730)
upgrade(-5.722, 2.387, -20.101, 15695)
upgrade(-2.541, 2.387, -10.501, 14295)
upgrade(-2.093, 2.387, -3.516, 15545)
upgrade(0.800, 2.387, -4.930, 6095)
upgrade(0.800, 2.387, -4.930, 15344)
upgrade(4.766, 2.387, -10.656, 9095)
upgrade(9.952, 2.387, -14.409, 12164)
upgrade(9.952, 2.387, -14.409, 11545)
upgrade(10.313, 2.387, -17.517, 14516)
upgrade(7.907, 2.387, -19.459, 9567)
upgrade(7.213, 2.387, -22.611, 11268)
upgrade(7.462, 2.387, -8.040, 29426)
upgrade(-0.936, 2.387, -7.656, 40580)
upgrade(-4.547, 1.987, -6.024, 31467)
upgrade(-4.547, 1.987, -6.024, 56278)
upgrade(0.800, 2.387, -4.930, 65580)
upgrade(-2.093, 2.387, -3.516, 979)
upgrade(-4.547, 1.987, -6.024, 58317)
upgrade(4.146, 1.987, -6.908, 21817)
upgrade(-2.541, 2.387, -10.501, 37457)
upgrade(-4.679, 2.387, -13.071, 42457)
upgrade(0.993, 1.987, -10.589, 18457)
upgrade(0.302, 2.387, -20.426, 7753)
upgrade(-2.151, 2.387, -16.936, 14503)
upgrade(9.943, 2.387, -6.131, 44053)
upgrade(10.158, 2.387, -9.651, 39234)
upgrade(-3.354, 2.387, -0.455, 39484)
upgrade(-5.155, 2.387, -16.662, 43484)
upgrade(-5.722, 2.387, -20.101, 43463)
upgrade(4.146, 1.987, -6.908, 33274)
upgrade(0.993, 1.987, -10.589, 32399)
upgrade(7.462, 2.387, -8.040, 38522)
upgrade(7.443, 2.387, -12.085, 24022)
upgrade(7.443, 2.387, -12.085, 18272)
upgrade(0.993, 1.987, -10.589, 145359)
upgrade(4.146, 1.987, -6.908, 92859)
upgrade(1.469, 2.387, -14.062, 46609)
upgrade(-1.724, 2.387, -13.739, 44609)
upgrade(-1.724, 2.387, -13.739, 45109)
upgrade(1.123, 2.387, -17.409, 31109)
upgrade(-2.151, 2.387, -16.936, 18609)
upgrade(-2.708, 2.387, -20.189, 6609)
upgrade(9.943, 2.387, -6.131, 25859)
upgrade(9.952, 2.387, -14.409, 48119)